250
223 216
447 492
569 473
474 33
954 958
153 261
189 360
622 166
84 589
961 209
778 496
792 944
439 504
828 897
736 244
841 959
461 289
452 30
762 927
64 716
885 218
977 75
578 600
242 662
190 203
872 968
700 664
913 140
169 741
37 906
985 879
865 447
168 318
477 931
245 541
648 131
760 626
207 338
226 450
1 417
653 874
385 354
538 299
494 708
40 532
614 26
412 480
473 580
798 951
511 44
493 160
176 253
786 383
592 12
833 594
429 487
468 815
842 7
114 337
715 155
870 329
181 282
809 655
862 607
606 374
652 100
534 828
353 320
211 945
333 45
540 763
533 8
578 375
15 693
713 730
848 583
59 30
865 869
685 728
476 292
103 128
392 638
957 745
959 169
691 292
214 231
56 748
240 635
123 255
328 837
986 177
420 46
207 285
915 893
14 392
185 117
521 577
756 478
323 715
647 15
8 861
247 64
610 487
700 734
743 28
571 729
206 991
776 413
277 691
306 291
83 492
409 605
70 165
83 393
881 730
409 889
592 656
953 202
143 654
936 887
682 508
616 889
499 392
303 776
84 610
68 168
102 478
773 172
644 856
566 525
587 975
415 179
631 369
382 775
23 319
662 706
827 279
595 326
672 898
103 757
508 172
925 611
651 698
784 295
555 350
821 142
326 236
322 957
605 704
733 628
23 396
334 850
676 930
177 348
828 280
106 337
452 31
949 103
730 733
399 285
83 221
428 410
457 750
367 63
454 101
691 478
498 26
328 174
956 505
523 785
786 629
123 239
661 72
343 391
806 742
677 890
963 105
300 421
856 668
484 310
769 176
789 268
203 117
443 160
623 966
946 409
596 69
648 258
142 992
649 948
734 327
838 698
432 139
120 288
807 604
599 577
781 388
845 984
506 288
145 130
255 91
539 852
161 188
110 303
180 760
252 915
87 91
614 520
230 734
809 38
339 409
615 120
798 460
105 304
749 250
434 5
342 974
858 503
163 968
807 343
729 59
259 817
151 873
338 381
608 147
419 947
556 35
68 355
496 173
660 245
424 94
251 766
69 109
270 232
78 77
576 808
136 836
625 288
710 963
669 318
111 89
265 668
124 333
23 620
507 683
866 931
778 118
698 848
228 968
81 306
